81594018
81594806
81593521
81589255
81593235
81581990
81593038
81592534
81589455
81590110
81591670
81588377
81589591
81591240
81588475
81590366
81589585
81583647
81589133
81587820
81121759
80484856
81587710
81535610
81587377
81587254
81586465
80919918
81580072
81586349
81586185
81583291
81213181
81583433
81583067
81542232
81539801
81523509
81521152
81468435
81426712
81582247
81583008
81582299
81416527
81574216
81582635
81554514
81496438
81579521
81579564
81578242
81576348
81576182
81574922
81576642
81573075
81572828
81576423
81574095
81575522
81573727
81573349
81558129
81363646
81574253
81570121
81569365
81570567
81570792
81571103
81569378
81572213
81347538
81570364
81569544
81552608
81545376
81520371
81520162
81290385
81568822
81565362
81541707
81567015
81559636
81558990
81564412
81565445
81563933
81563958
81465755
81557650
81552165
81282525
81562247
81514890
81564387
81564206
81562429
81562748
81561123
81562527
81541228
81562320
81561239
81563127
81562330
81185639
81555186
81557067
81542580
81561367
81543172
81502030
81417421
81560749
81548916
81558383
81456338
81557954
81558459
81545283
81556725
81508053
81479959
81248968
81525328
81539789
81553947
81550965
81552858
81550213
81527812
81526490
81532897
81518176
81518988
81515563
81549245
81525821
81514981
81510466
81507135
79581951
81546941
81535900
81546072
81545616
81546800
81544360
81545074
81512297
81543290
81543258
81510997
81544298
81542744
81543038
81542403
81542197
81540050
81540968
81541488
81540742
81541581
81541163
81539998
81539012
81539406
81537822
81492129
81537438
81537217
81532796
81531717
81526568
81513521
81490890
81532954
81510965
81509931
81533047
81534114
81530767
81489109
81530314
81529804
81530784
81529083
81528061
81528932
81527644
81528577
81526970
81528187
81524907
81525002
81525508
81523985
81523670
81433087
81525598
81477119
81523709
81444729
81437459
81432502
81409963
81365014
81361521
81329676
81326834
81232708
81132900
81127376
81050732
81034069
80997033
80975710
80947937
80884748
80724484
80058874
counts: 224
end time: 1577808054
